,ue_freq,ue_flops_per_cycle,ue_bandwidth,freqs1,flops_per_cycle1,bandwidth1,freqs2,flops_per_cycle2,bandwidth2,freqs3,flops_per_cycle3,bandwidth3
0,2.6412575733617234,2.4125710088633205,398.60751366128096,3.2035603131165553,7.849035143275412,737.6489898224104,3.8712010281693088,7.485262590227384,744.4716797521254,3.9570995428704165,5.557627553544301,978.6049198978312
1,2.1486425706014374,2.374938389518881,315.2086066708148,4.366073929355918,7.414905324010388,621.4737308035761,4.189188139141317,8.13736223613175,665.9216534286832,4.33637013733982,5.3435739632449675,1399.9356400037132
2,1.9340995866299555,2.3556367550397277,224.53493768380397,3.48391295595531,7.802753225684427,737.3092980264819,3.101289746972628,5.618187491337043,1803.2776314931016,3.7227310036122088,8.43878666783368,1833.966404027236
3,2.7605129081919424,2.026951864396446,120.2093110709786,4.47978562707015,7.237525254088144,1624.326032414562,4.426226809203955,7.24072439736663,1235.966420960336,3.3957209618564885,8.962113279815318,1313.4776673509355
4,2.51300625884083,1.7925598925492596,267.87777111960486,4.39613747283658,7.7055529846431075,864.2999671494472,3.4012088077113427,5.805285891375377,1749.5866785564237,3.2154885937164215,8.362671428448031,1485.1882960442874
5,2.7395295534367703,2.827770324969657,268.52988928817615,4.113321051853506,6.418555533615184,658.9600307910268,3.507882584282002,8.887628878679386,659.8132365019258,3.4992161718622463,5.05792020282761,956.1624556336086
6,1.9932874473068072,2.2609546346112555,277.04184570057873,3.5668260261211127,5.954772092622743,1886.662615024621,3.005354821350033,7.5002041390748655,1657.111356486229,3.771723220000566,8.197397459205064,731.4057139229093
7,2.2474837766455544,2.4265716479605732,127.08356482245011,3.3726850046168453,7.874027137130911,980.6163982476103,3.537885806590795,6.465473617155204,1362.192904537551,4.050832474839373,8.43379125335385,716.5072099042085
8,2.665772257659286,1.8651558249603273,122.42705879244735,3.2766862484179753,8.27470836105016,1465.9984244950297,3.9910570899186766,6.608332757781882,912.411974387613,3.8385686742005936,5.919306970408135,1384.0012014782942
9,1.8153804929578796,2.6807525341801317,128.70524199516652,4.437221828797707,8.903758989200696,569.0805910404329,3.8831840352477824,7.638586042962844,1689.9036549042753,4.167972556064061,6.68937311481772,1933.4671054914807
10,2.3312781838115963,2.6292329041841658,123.36507135087986,4.290613822522079,7.9925720385087615,1820.7394019713404,4.438439605609679,6.749985111860761,931.6660305302305,3.068339873062244,6.060574175890249,1497.7346980327875
11,2.0034737319555687,2.9352410570931804,150.91660555820056,4.4901696738932,8.95269880187905,671.7266986789301,3.433717319609011,6.494563758318591,1475.0932714818707,3.5761174612053495,8.048970033081085,937.0017461499524
12,2.594757414873514,2.1203514619009494,107.45257433990545,4.01960677953802,6.0739946948473165,1091.1498944664713,4.39684073813261,8.497376772839903,595.1276573661853,3.8929879010797546,7.963663909495118,1626.9398865255077
13,2.697831865190097,2.9818217235345568,313.4077967716536,4.117606404420318,6.427545107136387,530.3093579366675,4.413115914222892,8.192720053898256,1816.445935339425,3.0364137905583033,5.671572573679141,509.0253846380774
14,1.8694510699866331,1.795568213462074,191.97360000190724,3.9147139650261855,7.305537598133686,1023.6574849876351,3.3339111998580426,6.866534932762324,1740.2380597167437,4.199191148225169,7.431486301154686,658.9657791371993
15,2.631238857468171,2.120420923736356,139.5840343594229,3.906312599180654,6.4694895907166,608.9521001090691,4.303872386972724,6.2939783490387775,1217.0235038544206,3.776660175037986,8.7105287525278,565.3793813611733
16,2.6675548799880735,2.9557539878383925,335.47681140888346,4.093724539186238,5.897070125908023,1913.7036384403996,3.501822532080279,5.08461765121605,1594.8485323501795,3.657356877091641,6.405260068445688,866.1148954445288
17,2.3545028471548965,2.7200479039278203,284.35229810547924,3.7939245235209405,8.298961480239955,1229.1234271728135,4.352259961465251,7.015416386130339,1067.2881636087682,3.355478638456961,5.983261475773291,1540.2018484952846
18,2.2856417603427097,2.1386819635746415,359.41708211863033,3.214793213180799,5.091115190411737,1015.4060471618628,4.228522634414547,6.444624486387764,859.1085735306731,3.849247094224679,8.399172359309613,1232.0571257429997
19,2.185236910560579,2.85035376274771,245.4905788750152,4.322476020440096,7.5493744651508115,789.1079892127068,4.339047899672797,8.08307536419225,812.8353321148952,3.0023030610950707,6.569985834069444,553.661695431698
20,2.1613503714106104,2.688046005246589,226.64993538491026,3.8677284137071437,6.252074267337305,1145.4566792766577,3.2629064554727387,7.9919061002888165,1009.5810658188755,3.6028926654105775,8.433308211646468,820.8294084210418
21,1.986849688865812,1.5294891227348515,333.8724540184932,3.4489389666144588,7.428772446907628,1627.320011102571,3.331248115920714,8.752338335689466,1531.5233894782307,3.706305821530962,5.250636744911884,1325.3524753314337
22,2.176990727070404,2.396818909209209,297.05611238149305,3.260435368740346,5.743818620804683,785.9811600283886,3.03046476598344,7.399748264364042,835.267631726808,3.778662250247412,7.792321361491727,1128.0897484083985
23,2.1413697122388964,2.643626552503475,387.696587449147,4.4678138720209315,8.279337821955004,1079.901045582671,3.2633454214749964,5.338158771628174,1787.040074507893,3.818620883260025,5.4377232992855316,956.1011099924929
24,2.0357574113499837,2.740630086360122,312.7471529173015,3.905694122910533,5.741821457496069,641.1717620950138,3.134536978636133,6.4246370951214775,516.7723930061746,3.9861954292558357,5.5913052796337395,1347.6479952092334
25,2.0271574724498076,2.672177112059755,227.14041851574504,3.3950651051895777,5.405758473255929,1105.333937299512,4.262031634897507,7.595583709446824,1257.7746478496585,3.500457860539753,8.870990472335997,1347.0388659683267
26,2.7041242783206663,2.157177530814396,369.16254841236804,4.491202212993744,7.946127393959312,1862.5770505679839,3.4258723197946166,8.945785688025353,986.2423870395589,3.5522255673476306,7.828139552248417,1513.5056015221094
27,2.2075088702634993,2.187124205350861,311.20129681374067,3.4688966646585433,6.2025087088268265,1011.330194671965,4.2160960482151335,7.604596506747489,1872.0863016852102,3.422195986492241,5.218962886752953,773.9432680280161
28,2.6796430882440028,2.3382961984029276,127.78611950178924,3.320294792084353,5.16651314084927,819.9560037121428,3.2880301170464405,7.6575606633595985,1516.1708617162299,3.7595841618028216,8.731037398918168,1106.9015642394518
29,2.3827385928539875,2.084133643056286,191.19733006801408,4.260882583108032,8.950957565865016,1834.064906712914,4.107057816698489,8.83080877142421,1030.7651587946789,3.580949563959318,5.52381091304239,1074.6444507726692
30,2.260933252601626,2.770301199877444,140.77001922167358,3.7741077515082866,8.287389402509584,1240.2004350807533,4.024510601994264,7.361930754406117,1739.554132807737,4.38830539029927,6.246419270129707,801.0151130320558
31,2.208834491941842,2.7775671504034607,159.7113980777657,3.590437839503072,6.075733409789591,638.0622698637983,3.2593438961726777,8.214040680032141,1347.423612692498,3.421314691290142,8.542079449152126,1389.3628706536533
32,2.7367852714552323,2.443908164541976,379.15996909044173,3.2135047104621695,8.929561437455185,662.580989550943,3.8041521015448274,8.512166040358732,1347.364276691058,3.0638993349311447,8.9933920291266,1490.1883648781018
33,2.3897034121860847,2.616099979416238,165.31201371472366,3.2897685211092504,6.553833661595016,808.2392625540474,4.032079460584162,5.202950302250423,1788.5348744638404,3.11939257689207,7.979112697754209,1159.6477994803874
34,1.8145312351219314,2.568391298123869,308.87611877047175,3.6250466532228884,6.742012436453996,858.2398697628803,3.4985258101310404,5.5672451986729286,869.1968400357246,3.002100225105261,6.911054976413204,905.5646021962452
35,2.1184611771159214,2.44879782110973,274.1055082781829,3.8550354297312284,6.32795762204219,501.8551006196233,3.6515403349034465,6.281715324975858,927.8262074583754,4.403598351486725,8.953902510309131,1954.8380821424048
36,2.6405140430586913,2.7341971695636262,393.8077746747048,4.3818571103431365,5.450105851930847,1726.060963372089,3.435203833004544,5.458835949456612,1766.0124468629206,4.043789542719075,7.614699858225524,1785.657013839486
37,2.1036437334426137,1.5029712708324399,119.29985667895338,4.00666016143524,8.42839364482619,649.1653726264263,3.5490110470921348,6.130672675827771,923.9139891150887,3.277859920468557,6.49435639388541,655.7342858792447
38,1.9052913482339005,2.4999509794181103,155.36104531960535,3.7517917766312863,6.5729366982852735,570.5687667381517,4.028177608526486,5.05403052036667,766.7181395099858,3.291793537638084,5.591993691874446,1029.713873495488
39,2.1123912647182697,2.954363794127274,215.26187084873126,3.286763565542883,7.494485528513381,1682.8537018544457,4.119503596498682,7.461011335533204,1771.0145561852664,3.7430798535970933,7.878323348602833,1501.8555127417121
40,1.8390393742771058,2.9510253724293896,104.36305181980562,4.0709421865299555,5.745216816487755,1449.5155641998495,3.63020531633915,8.72816995158167,1393.8306841995552,4.497830670189256,7.190423301265912,1722.4850340089483
41,1.89395897601888,1.9278316941078122,201.36182864676042,3.5140331061313383,5.190283936398588,803.2405346609016,4.491076675701317,6.0903101175117715,821.2409871851567,4.233031343228102,6.011127617583517,1589.267649265511
42,1.9076929494795642,2.87936806356384,322.58244532568403,3.8377043952512,5.832190196618438,539.5157851003402,3.808528452158158,7.967333519832616,719.949390143754,3.4813262078824927,7.161702749039938,732.5803697754295
43,2.756855008412228,1.9441335330932,326.49272305859563,3.455095080890305,5.398338763494131,612.9878042498356,3.7414585931752944,7.157176384929034,1493.3149318445226,3.962008856760206,7.7373858147656005,875.9914499569079
44,2.6642300964676324,2.890376556430919,239.42799602348197,3.605776472173164,5.1536880885771,628.4586668038171,4.1282942567165986,7.155465945138518,668.36170843739,4.369114323190704,5.131508002656091,1361.256417255146
45,2.511929185395044,2.417871199055011,253.2014363932148,3.76071165945254,5.100068034696821,766.0391511803163,3.7539043660373945,5.202016985223857,1411.3720602617573,4.2883444753032,8.903676704289444,1687.2629513849117
46,2.6704748004172854,2.833891826385819,188.03526480058156,3.3591573999097295,6.668529709235695,1710.5119136077592,4.004690404039628,5.34633164233831,1494.7675203473125,3.454443938198392,6.106814643312546,1515.484555871857
47,2.1753814675302166,1.8973879008803376,159.53847109715252,3.3399804213005817,6.488258899135496,1845.1117713028816,4.222504493413911,8.646117357374754,1661.7394837313207,4.003723646525394,8.749759340255423,776.1687848259475
48,2.424121775710159,1.5211823692470445,257.60329898791093,3.126151817780607,8.669283535577604,971.8851816070106,3.5753176924189294,5.093525062257042,728.0006352338878,3.8049343227675716,5.446673309196765,1481.395080143827
49,1.8510267189695395,2.1572449922591024,395.10088165470313,3.1663755935428,5.34118488893814,774.9866264108568,3.327866873109455,7.297086679713828,1571.6574020171875,4.42712101482749,5.684676997949158,1839.9252868333838
